<?xml version="1.0" encoding="utf-8"?>
<COLLADA xmlns="http://www.collada.org/2005/11/COLLADASchema" version="1.4.1">
  <asset>
    <contributor>
      <author/>
      <authoring_tool>FBX COLLADA exporter</authoring_tool>
      <comments/>
    </contributor>
    <created>2022-06-16T14:38:48Z</created>
    <keywords/>
    <modified>2022-06-16T14:38:48Z</modified>
    <revision/>
    <subject/>
    <title/>
    <unit meter="0.025400" name="centimeter"/>
    <up_axis>Y_UP</up_axis>
  </asset>
  <library_animations>
    <animation id="Bip001-anim" name="Bip001">
      <animation>
        <source id="Bip001-Matrix-animation-input">
          <float_array id="Bip001-Matrix-animation-input-array" count="31">

0.000000 0.033333 0.066667 0.100000 0.133333 0.166667 0.200000 0.233333 0.266667 0.300000 0.333333 0.366667 0.400000 0.433333 0.466667 0.500000
0.533333 0.566667 0.600000 0.633333 0.666667 0.700000 0.733333 0.766667 0.800000 0.833333 0.866667 0.900000 0.933333 0.966667 1.000000</float_array>
          <technique_common>
            <accessor source="#Bip001-Matrix-animation-input-array" count="31">
              <param name="TIME" type="float"/>
            </accessor>
          </technique_common>
        </source>
        <source id="Bip001-Matrix-animation-output-transform">
          <float_array id="Bip001-Matrix-animation-output-transform-array" count="496">

-0.004292 0.999991 -0.000000 0.000000 0.000000 0.000000 1.000000 237.081360 0.999991 0.004292 -0.000000 0.000000 0.000000 0.000000 0.000000 1.000000
-0.126128 0.992014 -0.000000 0.000000 0.000000 0.000000 1.000000 217.525986 0.992014 0.126128 -0.000000 0.000000 0.000000 0.000000 0.000000 1.000000
-0.129893 0.991528 -0.000000 0.000000 -0.000000 0.000000 1.000000 216.087128 0.991528 0.129893 -0.000000 0.000000 0.000000 0.000000 0.000000 1.000000
-0.133128 0.991099 -0.000000 0.000000 0.000000 0.000000 1.000000 214.940552 0.991099 0.133128 -0.000000 0.000000 0.000000 0.000000 0.000000 1.000000
-0.135863 0.990728 -0.000000 0.000000 0.000000 0.000000 1.000000 214.056503 0.990728 0.135863 -0.000000 0.000000 0.000000 0.000000 0.000000 1.000000
-0.138128 0.990414 -0.000000 0.000000 0.000000 0.000000 1.000000 213.405228 0.990414 0.138128 -0.000000 0.000000 0.000000 0.000000 0.000000 1.000000
-0.139950 0.990159 -0.000000 0.000000 0.000000 0.000000 1.000000 212.957062 0.990159 0.139950 -0.000000 0.000000 0.000000 0.000000 0.000000 1.000000
-0.141359 0.989958 -0.000000 0.000000 -0.000000 0.000000 1.000000 212.682281 0.989958 0.141359 -0.000000 0.000000 0.000000 0.000000 0.000000 1.000000
-0.142385 0.989811 -0.000000 0.000000 0.000000 0.000000 1.000000 212.551117 0.989811 0.142385 -0.000000 0.000000 0.000000 0.000000 0.000000 1.000000
-0.143056 0.989715 -0.000000 0.000000 0.000000 0.000000 1.000000 212.533859 0.989715 0.143056 -0.000000 0.000000 0.000000 0.000000 0.000000 1.000000
-0.143401 0.989665 -0.000000 0.000000 0.000000 0.000000 1.000000 212.600815 0.989665 0.143401 -0.000000 0.000000 0.000000 0.000000 0.000000 1.000000
-0.143449 0.989658 -0.000000 0.000000 0.000000 0.000000 1.000000 212.722244 0.989658 0.143449 -0.000000 0.000000 0.000000 0.000000 0.000000 1.000000
-0.143229 0.989690 -0.000000 0.000000 0.000000 0.000000 1.000000 212.868439 0.989690 0.143229 -0.000000 0.000000 0.000000 0.000000 0.000000 1.000000
-0.142768 0.989756 -0.000000 0.000000 0.000000 0.000000 1.000000 213.009644 0.989756 0.142768 -0.000000 0.000000 0.000000 0.000000 0.000000 1.000000
-0.142097 0.989853 -0.000000 0.000000 0.000000 0.000000 1.000000 213.116180 0.989853 0.142097 -0.000000 0.000000 0.000000 0.000000 0.000000 1.000000
-0.141244 0.989975 -0.000000 0.000000 0.000000 0.000000 1.000000 213.158279 0.989975 0.141244 -0.000000 0.000000 0.000000 0.000000 0.000000 1.000000
-0.140237 0.990118 -0.000000 0.000000 0.000000 0.000000 1.000000 213.196930 0.990118 0.140237 -0.000000 0.000000 0.000000 0.000000 0.000000 1.000000
-0.139106 0.990278 -0.000000 0.000000 0.000000 0.000000 1.000000 213.307434 0.990278 0.139106 -0.000000 0.000000 0.000000 0.000000 0.000000 1.000000
-0.137878 0.990449 -0.000000 0.000000 -0.000000 0.000000 1.000000 213.481476 0.990449 0.137878 -0.000000 0.000000 0.000000 0.000000 0.000000 1.000000
-0.136583 0.990629 -0.000000 0.000000 0.000000 0.000000 1.000000 213.710861 0.990629 0.136583 -0.000000 0.000000 0.000000 0.000000 0.000000 1.000000
-0.135249 0.990812 -0.000000 0.000000 0.000000 0.000000 1.000000 213.987320 0.990812 0.135249 -0.000000 0.000000 0.000000 0.000000 0.000000 1.000000
-0.133906 0.990994 -0.000000 0.000000 0.000000 0.000000 1.000000 214.302612 0.990994 0.133906 -0.000000 0.000000 0.000000 0.000000 0.000000 1.000000
-0.132581 0.991172 -0.000000 0.000000 0.000000 0.000000 1.000000 214.648468 0.991172 0.132581 -0.000000 0.000000 0.000000 0.000000 0.000000 1.000000
-0.131304 0.991342 -0.000000 0.000000 0.000000 0.000000 1.000000 215.016663 0.991342 0.131304 -0.000000 0.000000 0.000000 0.000000 0.000000 1.000000
-0.130104 0.991500 -0.000000 0.000000 0.000000 0.000000 1.000000 215.398895 0.991500 0.130104 -0.000000 0.000000 0.000000 0.000000 0.000000 1.000000
-0.129010 0.991643 -0.000000 0.000000 0.000000 0.000000 1.000000 215.786972 0.991643 0.129010 -0.000000 0.000000 0.000000 0.000000 0.000000 1.000000
-0.128049 0.991768 -0.000000 0.000000 0.000000 0.000000 1.000000 216.172638 0.991768 0.128049 -0.000000 0.000000 0.000000 0.000000 0.000000 1.000000
-0.127252 0.991870 -0.000000 0.000000 0.000000 0.000000 1.000000 216.547623 0.991870 0.127252 -0.000000 0.000000 0.000000 0.000000 0.000000 1.000000
-0.126646 0.991948 -0.000000 0.000000 0.000000 0.000000 1.000000 216.903671 0.991948 0.126646 -0.000000 0.000000 0.000000 0.000000 0.000000 1.000000
-0.126262 0.991997 -0.000000 0.000000 -0.000000 0.000000 1.000000 217.232529 0.991997 0.126262 -0.000000 0.000000 0.000000 0.000000 0.000000 1.000000
-0.126128 0.992014 -0.000000 0.000000 0.000000 0.000000 1.000000 217.525986 0.992014 0.126128 -0.000000 0.000000 0.000000 0.000000 0.000000 1.000000</float_array>
          <technique_common>
            <accessor source="#Bip001-Matrix-animation-output-transform-array" count="31" stride="16">
              <param type="float4x4"/>
            </accessor>
          </technique_common>
        </source>
        <source id="Bip001-Interpolations">
          <Name_array id="Bip001-Interpolations-array" count="31">
 LINEAR LINEAR LINEAR LINEAR LINEAR LINEAR LINEAR LINEAR LINEAR LINEAR LINEAR
LINEAR LINEAR LINEAR LINEAR LINEAR LINEAR LINEAR LINEAR LINEAR LINEAR LINEAR LINEAR
LINEAR LINEAR LINEAR LINEAR LINEAR LINEAR LINEAR LINEAR</Name_array>
          <technique_common>
            <accessor source="#Bip001-Interpolations-array" count="31">
              <param type="name"/>
            </accessor>
          </technique_common>
        </source>
        <sampler id="Bip001-Matrix-animation-transform">
          <input semantic="INPUT" source="#Bip001-Matrix-animation-input"/>
          <input semantic="OUTPUT" source="#Bip001-Matrix-animation-output-transform"/>
          <input semantic="INTERPOLATION" source="#Bip001-Interpolations"/>
        </sampler>
        <channel source="#Bip001-Matrix-animation-transform" target="Bip001/matrix"/>
      </animation>
    </animation>
    <animation id="Bip001FBXASC032Footsteps-anim" name="Bip001FBXASC032Footsteps">
      <animation>
        <source id="Bip001FBXASC032Footsteps-Matrix-animation-input">
          <float_array id="Bip001FBXASC032Footsteps-Matrix-animation-input-array" count="31">

0.000000 0.033333 0.066667 0.100000 0.133333 0.166667 0.200000 0.233333 0.266667 0.300000 0.333333 0.366667 0.400000 0.433333 0.466667 0.500000
0.533333 0.566667 0.600000 0.633333 0.666667 0.700000 0.733333 0.766667 0.800000 0.833333 0.866667 0.900000 0.933333 0.966667 1.000000</float_array>
          <technique_common>
            <accessor source="#Bip001FBXASC032Footsteps-Matrix-animation-input-array" count="31">
              <param name="TIME" type="float"/>
            </accessor>
          </technique_common>
        </source>
        <source id="Bip001FBXASC032Footsteps-Matrix-animation-output-transform">
          <float_array id="Bip001FBXASC032Footsteps-Matrix-animation-output-transform-array" count="496">

-0.004292 -0.999991 0.000000 0.000000 0.999991 -0.004292 0.000000 -0.000000 -0.000000 0.000000 1.000000 -236.789719 0.000000 0.000000 0.000000 1.000000
-0.126128 -0.992014 0.000000 -0.000000 0.992014 -0.126128 -0.000000 0.000000 0.000000 0.000000 1.000000 -217.234329 0.000000 0.000000 0.000000 1.000000
-0.129893 -0.991528 0.000000 0.000000 0.991528 -0.129893 0.000000 -0.000000 -0.000000 0.000000 1.000000 -215.795486 0.000000 0.000000 0.000000 1.000000
-0.133128 -0.991099 0.000000 0.000000 0.991099 -0.133128 0.000000 0.000000 0.000000 0.000000 1.000000 -214.648895 0.000000 0.000000 0.000000 1.000000
-0.135863 -0.990728 0.000000 0.000000 0.990728 -0.135863 0.000000 0.000000 0.000000 0.000000 1.000000 -213.765396 0.000000 0.000000 0.000000 1.000000
-0.138128 -0.990414 0.000000 0.000000 0.990414 -0.138128 0.000000 0.000000 -0.000000 -0.000000 1.000000 -213.113602 0.000000 0.000000 0.000000 1.000000
-0.139950 -0.990159 0.000000 0.000000 0.990159 -0.139950 0.000000 0.000000 0.000000 0.000000 1.000000 -212.665298 0.000000 0.000000 0.000000 1.000000
-0.141359 -0.989958 -0.000000 0.000000 0.989958 -0.141359 0.000000 0.000000 0.000000 -0.000000 1.000000 -212.390488 0.000000 0.000000 0.000000 1.000000
-0.142385 -0.989811 -0.000000 0.000000 0.989811 -0.142385 -0.000000 0.000000 -0.000000 0.000000 1.000000 -212.260056 0.000000 0.000000 0.000000 1.000000
-0.143056 -0.989715 0.000000 0.000000 0.989715 -0.143056 0.000000 -0.000000 -0.000000 0.000000 1.000000 -212.242126 0.000000 0.000000 0.000000 1.000000
-0.143401 -0.989665 0.000000 0.000000 0.989665 -0.143401 0.000000 0.000000 0.000000 0.000000 1.000000 -212.309311 0.000000 0.000000 0.000000 1.000000
-0.143449 -0.989658 0.000000 0.000000 0.989658 -0.143449 -0.000000 -0.000000 -0.000000 0.000000 1.000000 -212.431015 0.000000 0.000000 0.000000 1.000000
-0.143229 -0.989690 0.000000 0.000000 0.989690 -0.143229 -0.000000 0.000000 -0.000000 0.000000 1.000000 -212.576981 0.000000 0.000000 0.000000 1.000000
-0.142768 -0.989756 -0.000000 0.000000 0.989756 -0.142768 -0.000000 0.000000 0.000000 0.000000 1.000000 -212.718567 0.000000 0.000000 0.000000 1.000000
-0.142097 -0.989853 -0.000000 0.000000 0.989853 -0.142097 0.000000 0.000000 -0.000000 0.000000 1.000000 -212.824905 0.000000 0.000000 0.000000 1.000000
-0.141244 -0.989975 0.000000 0.000000 0.989975 -0.141244 -0.000000 0.000000 -0.000000 -0.000000 1.000000 -212.866257 0.000000 0.000000 0.000000 1.000000
-0.140237 -0.990118 0.000000 -0.000000 0.990118 -0.140237 0.000000 -0.000000 -0.000000 -0.000000 1.000000 -212.905106 0.000000 0.000000 0.000000 1.000000
-0.139106 -0.990278 0.000000 0.000000 0.990278 -0.139106 -0.000000 0.000000 -0.000000 0.000000 1.000000 -213.016296 0.000000 0.000000 0.000000 1.000000
-0.137878 -0.990449 -0.000000 0.000000 0.990449 -0.137878 0.000000 0.000000 0.000000 -0.000000 1.000000 -213.189651 0.000000 0.000000 0.000000 1.000000
-0.136583 -0.990629 0.000000 0.000000 0.990629 -0.136583 0.000000 0.000000 -0.000000 0.000000 1.000000 -213.419281 0.000000 0.000000 0.000000 1.000000
-0.135249 -0.990812 0.000000 0.000000 0.990812 -0.135249 0.000000 -0.000000 -0.000000 0.000000 1.000000 -213.695404 0.000000 0.000000 0.000000 1.000000
-0.133906 -0.990994 0.000000 0.000000 0.990994 -0.133906 -0.000000 0.000000 -0.000000 0.000000 1.000000 -214.011475 0.000000 0.000000 0.000000 1.000000
-0.132581 -0.991172 0.000000 0.000000 0.991172 -0.132581 0.000000 -0.000000 -0.000000 -0.000000 1.000000 -214.357407 0.000000 0.000000 0.000000 1.000000
-0.131304 -0.991342 -0.000000 0.000000 0.991342 -0.131304 0.000000 -0.000000 0.000000 -0.000000 1.000000 -214.724960 0.000000 0.000000 0.000000 1.000000
-0.130104 -0.991500 0.000000 0.000000 0.991500 -0.130104 -0.000000 0.000000 0.000000 -0.000000 1.000000 -215.107925 0.000000 0.000000 0.000000 1.000000
-0.129010 -0.991643 0.000000 0.000000 0.991643 -0.129010 -0.000000 0.000000 -0.000000 -0.000000 1.000000 -215.495163 0.000000 0.000000 0.000000 1.000000
-0.128049 -0.991768 0.000000 -0.000000 0.991768 -0.128049 -0.000000 0.000000 0.000000 -0.000000 1.000000 -215.880905 0.000000 0.000000 0.000000 1.000000
-0.127252 -0.991870 0.000000 0.000000 0.991870 -0.127252 0.000000 -0.000000 0.000000 0.000000 1.000000 -216.255981 0.000000 0.000000 0.000000 1.000000
-0.126647 -0.991948 0.000000 -0.000000 0.991948 -0.126647 0.000000 0.000000 0.000000 -0.000000 1.000000 -216.612045 0.000000 0.000000 0.000000 1.000000
-0.126262 -0.991997 -0.000000 0.000000 0.991997 -0.126262 0.000000 0.000000 0.000000 -0.000000 1.000000 -216.940460 0.000000 0.000000 0.000000 1.000000
-0.126128 -0.992014 0.000000 0.000000 0.992014 -0.126128 -0.000000 0.000000 0.000000 0.000000 1.000000 -217.234222 0.000000 0.000000 0.000000 1.000000</float_array>
          <technique_common>
            <accessor source="#Bip001FBXASC032Footsteps-Matrix-animation-output-transform-array" count="31" stride="16">
              <param type="float4x4"/>
            </accessor>
          </technique_common>
        </source>
        <source id="Bip001FBXASC032Footsteps-Interpolations">
          <Name_array id="Bip001FBXASC032Footsteps-Interpolations-array" count="31">
 LINEAR LINEAR LINEAR LINEAR LINEAR LINEAR LINEAR LINEAR LINEAR LINEAR LINEAR
LINEAR LINEAR LINEAR LINEAR LINEAR LINEAR LINEAR LINEAR LINEAR LINEAR LINEAR LINEAR
LINEAR LINEAR LINEAR LINEAR LINEAR LINEAR LINEAR LINEAR</Name_array>
          <technique_common>
            <accessor source="#Bip001FBXASC032Footsteps-Interpolations-array" count="31">
              <param type="name"/>
            </accessor>
          </technique_common>
        </source>
        <sampler id="Bip001FBXASC032Footsteps-Matrix-animation-transform">
          <input semantic="INPUT" source="#Bip001FBXASC032Footsteps-Matrix-animation-input"/>
          <input semantic="OUTPUT" source="#Bip001FBXASC032Footsteps-Matrix-animation-output-transform"/>
          <input semantic="INTERPOLATION" source="#Bip001FBXASC032Footsteps-Interpolations"/>
        </sampler>
        <channel source="#Bip001FBXASC032Footsteps-Matrix-animation-transform" target="Bip001FBXASC032Footsteps/matrix"/>
      </animation>
    </animation>
    <animation id="Bip001FBXASC032Pelvis-anim" name="Bip001FBXASC032Pelvis">
      <animation>
        <source id="Bip001FBXASC032Pelvis-Matrix-animation-input">
          <float_array id="Bip001FBXASC032Pelvis-Matrix-animation-input-array" count="31">

0.000000 0.033333 0.066667 0.100000 0.133333 0.166667 0.200000 0.233333 0.266667 0.300000 0.333333 0.366667 0.400000 0.433333 0.466667 0.500000
0.533333 0.566667 0.600000 0.633333 0.666667 0.700000 0.733333 0.766667 0.800000 0.833333 0.866667 0.900000 0.933333 0.966667 1.000000</float_array>
          <technique_common>
            <accessor source="#Bip001FBXASC032Pelvis-Matrix-animation-input-array" count="31">
              <param name="TIME" type="float"/>
            </accessor>
          </technique_common>
        </source>
        <source id="Bip001FBXASC032Pelvis-Matrix-animation-output-transform">
          <float_array id="Bip001FBXASC032Pelvis-Matrix-animation-output-transform-array" count="496">

0.000001 1.000000 -0.000001 0.000000 0.000000 0.000001 1.000000 0.000000 1.000000 -0.000001 0.000000 0.000000 0.000000 0.000000 0.000000 1.000000
0.000001 1.000000 -0.000001 0.000000 0.000000 0.000001 1.000000 0.000000 1.000000 -0.000001 0.000000 0.000000 0.000000 0.000000 0.000000 1.000000
0.000001 1.000000 -0.000001 0.000000 -0.000000 0.000001 1.000000 0.000000 1.000000 -0.000001 0.000000 0.000000 0.000000 0.000000 0.000000 1.000000
0.000001 1.000000 -0.000001 0.000000 -0.000000 0.000001 1.000000 0.000000 1.000000 -0.000001 0.000000 0.000000 0.000000 0.000000 0.000000 1.000000
0.000001 1.000000 -0.000001 0.000000 -0.000000 0.000001 1.000000 0.000000 1.000000 -0.000001 0.000000 0.000000 0.000000 0.000000 0.000000 1.000000
0.000001 1.000000 -0.000001 0.000000 -0.000000 0.000001 1.000000 0.000000 1.000000 -0.000001 0.000000 0.000000 0.000000 0.000000 0.000000 1.000000
0.000001 1.000000 -0.000001 0.000000 -0.000000 0.000001 1.000000 0.000000 1.000000 -0.000001 0.000000 0.000000 0.000000 0.000000 0.000000 1.000000
0.000001 1.000000 -0.000001 0.000000 0.000000 0.000001 1.000000 0.000000 1.000000 -0.000001 0.000000 0.000000 0.000000 0.000000 0.000000 1.000000
0.000001 1.000000 -0.000001 0.000000 0.000000 0.000001 1.000000 0.000000 1.000000 -0.000001 0.000000 0.000000 0.000000 0.000000 0.000000 1.000000
0.000001 1.000000 -0.000001 0.000000 0.000000 0.000001 1.000000 0.000000 1.000000 -0.000001 0.000000 0.000000 0.000000 0.000000 0.000000 1.000000
0.000001 1.000000 -0.000001 0.000000 0.000000 0.000001 1.000000 0.000000 1.000000 -0.000001 0.000000 0.000000 0.000000 0.000000 0.000000 1.000000
0.000001 1.000000 -0.000001 0.000000 0.000000 0.000001 1.000000 0.000000 1.000000 -0.000001 0.000000 0.000000 0.000000 0.000000 0.000000 1.000000
0.000001 1.000000 -0.000001 0.000000 0.000000 0.000001 1.000000 0.000000 1.000000 -0.000001 0.000000 0.000000 0.000000 0.000000 0.000000 1.000000
0.000001 1.000000 -0.000001 0.000000 -0.000000 0.000001 1.000000 0.000000 1.000000 -0.000001 0.000000 0.000000 0.000000 0.000000 0.000000 1.000000
0.000001 1.000000 -0.000001 0.000000 -0.000000 0.000001 1.000000 0.000000 1.000000 -0.000001 0.000000 0.000000 0.000000 0.000000 0.000000 1.000000
0.000001 1.000000 -0.000001 0.000000 -0.000000 0.000001 1.000000 0.000000 1.000000 -0.000001 0.000000 0.000000 0.000000 0.000000 0.000000 1.000000
0.000001 1.000000 -0.000001 0.000000 0.000000 0.000001 1.000000 0.000000 1.000000 -0.000001 0.000000 0.000000 0.000000 0.000000 0.000000 1.000000
0.000001 1.000000 -0.000001 0.000000 -0.000000 0.000001 1.000000 0.000000 1.000000 -0.000001 0.000000 0.000000 0.000000 0.000000 0.000000 1.000000
0.000001 1.000000 -0.000001 0.000000 0.000000 0.000001 1.000000 0.000000 1.000000 -0.000001 0.000000 0.000000 0.000000 0.000000 0.000000 1.000000
0.000001 1.000000 -0.000001 0.000000 -0.000000 0.000001 1.000000 0.000000 1.000000 -0.000001 0.000000 0.000000 0.000000 0.000000 0.000000 1.000000
0.000001 1.000000 -0.000001 0.000000 -0.000000 0.000001 1.000000 0.000000 1.000000 -0.000001 0.000000 0.000000 0.000000 0.000000 0.000000 1.000000
0.000001 1.000000 -0.000001 0.000000 0.000000 0.000001 1.000000 0.000000 1.000000 -0.000001 0.000000 0.000000 0.000000 0.000000 0.000000 1.000000
0.000001 1.000000 -0.000001 0.000000 0.000000 0.000001 1.000000 0.000000 1.000000 -0.000001 0.000000 0.000000 0.000000 0.000000 0.000000 1.000000
0.000001 1.000000 -0.000001 0.000000 0.000000 0.000001 1.000000 0.000000 1.000000 -0.000001 0.000000 0.000000 0.000000 0.000000 0.000000 1.000000
0.000001 1.000000 -0.000001 0.000000 0.000000 0.000001 1.000000 0.000000 1.000000 -0.000001 0.000000 0.000000 0.000000 0.000000 0.000000 1.000000
0.000001 1.000000 -0.000001 0.000000 -0.000000 0.000001 1.000000 0.000000 1.000000 -0.000001 0.000000 0.000000 0.000000 0.000000 0.000000 1.000000
0.000001 1.000000 -0.000001 0.000000 -0.000000 0.000001 1.000000 0.000000 1.000000 -0.000001 0.000000 0.000000 0.000000 0.000000 0.000000 1.000000
0.000001 1.000000 -0.000001 0.000000 0.000000 0.000001 1.000000 0.000000 1.000000 -0.000001 0.000000 0.000000 0.000000 0.000000 0.000000 1.000000
0.000001 1.000000 -0.000001 0.000000 -0.000000 0.000001 1.000000 0.000000 1.000000 -0.000001 0.000000 0.000000 0.000000 0.000000 0.000000 1.000000
0.000001 1.000000 -0.000001 0.000000 -0.000000 0.000001 1.000000 0.000000 1.000000 -0.000001 0.000000 0.000000 0.000000 0.000000 0.000000 1.000000
0.000001 1.000000 -0.000001 0.000000 0.000000 0.000001 1.000000 0.000000 1.000000 -0.000001 0.000000 0.000000 0.000000 0.000000 0.000000 1.000000</float_array>
          <technique_common>
            <accessor source="#Bip001FBXASC032Pelvis-Matrix-animation-output-transform-array" count="31" stride="16">
              <param type="float4x4"/>
            </accessor>
          </technique_common>
        </source>
        <source id="Bip001FBXASC032Pelvis-Interpolations">
          <Name_array id="Bip001FBXASC032Pelvis-Interpolations-array" count="31">
 LINEAR LINEAR LINEAR LINEAR LINEAR LINEAR LINEAR LINEAR LINEAR LINEAR LINEAR
LINEAR LINEAR LINEAR LINEAR LINEAR LINEAR LINEAR LINEAR LINEAR LINEAR LINEAR LINEAR
LINEAR LINEAR LINEAR LINEAR LINEAR LINEAR LINEAR LINEAR</Name_array>
          <technique_common>
            <accessor source="#Bip001FBXASC032Pelvis-Interpolations-array" count="31">
              <param type="name"/>
            </accessor>
          </technique_common>
        </source>
        <sampler id="Bip001FBXASC032Pelvis-Matrix-animation-transform">
          <input semantic="INPUT" source="#Bip001FBXASC032Pelvis-Matrix-animation-input"/>
          <input semantic="OUTPUT" source="#Bip001FBXASC032Pelvis-Matrix-animation-output-transform"/>
          <input semantic="INTERPOLATION" source="#Bip001FBXASC032Pelvis-Interpolations"/>
        </sampler>
        <channel source="#Bip001FBXASC032Pelvis-Matrix-animation-transform" target="Bip001FBXASC032Pelvis/matrix"/>
      </animation>
    </animation>
    <animation id="Bip001FBXASC032Spine-anim" name="Bip001FBXASC032Spine">
      <animation>
        <source id="Bip001FBXASC032Spine-Matrix-animation-input">
          <float_array id="Bip001FBXASC032Spine-Matrix-animation-input-array" count="31">

0.000000 0.033333 0.066667 0.100000 0.133333 0.166667 0.200000 0.233333 0.266667 0.300000 0.333333 0.366667 0.400000 0.433333 0.466667 0.500000
0.533333 0.566667 0.600000 0.633333 0.666667 0.700000 0.733333 0.766667 0.800000 0.833333 0.866667 0.900000 0.933333 0.966667 1.000000</float_array>
          <technique_common>
            <accessor source="#Bip001FBXASC032Spine-Matrix-animation-input-array" count="31">
              <param name="TIME" type="float"/>
            </accessor>
          </technique_common>
        </source>
        <source id="Bip001FBXASC032Spine-Matrix-animation-output-transform">
          <float_array id="Bip001FBXASC032Spine-Matrix-animation-output-transform-array" count="496">

1.000000 -0.000796 -0.000001 24.422272 0.000796 1.000000 0.000004 -0.029300 0.000001 -0.000004 1.000000 0.000034 0.000000 0.000000 0.000000 1.000000
0.978755 -0.205031 -0.000002 24.428268 0.205031 0.978756 0.000004 -0.028681 0.000001 -0.000004 1.000000 0.000035 0.000000 0.000000 0.000000 1.000000
0.977425 -0.211283 -0.000002 24.428436 0.211283 0.977425 0.000004 -0.028641 0.000001 -0.000004 1.000000 0.000035 0.000000 0.000000 0.000000 1.000000
0.976249 -0.216651 -0.000002 24.428589 0.216651 0.976249 0.000004 -0.028607 0.000001 -0.000004 1.000000 0.000035 0.000000 0.000000 0.000000 1.000000
0.975232 -0.221185 -0.000002 24.428741 0.221185 0.975232 0.000004 -0.028577 0.000001 -0.000004 1.000000 0.000035 0.000000 0.000000 0.000000 1.000000
0.974373 -0.224937 -0.000002 24.428833 0.224937 0.974374 0.000004 -0.028553 0.000001 -0.000004 1.000000 0.000035 0.000000 0.000000 0.000000 1.000000
0.973672 -0.227954 -0.000002 24.428925 0.227954 0.973672 0.000004 -0.028532 0.000001 -0.000004 1.000000 0.000035 0.000000 0.000000 0.000000 1.000000
0.973123 -0.230287 -0.000002 24.429001 0.230287 0.973123 0.000004 -0.028515 0.000001 -0.000004 1.000000 0.000036 0.000000 0.000000 0.000000 1.000000
0.972719 -0.231985 -0.000002 24.429047 0.231985 0.972719 0.000004 -0.028504 0.000001 -0.000004 1.000000 0.000035 0.000000 0.000000 0.000000 1.000000
0.972454 -0.233095 -0.000002 24.429092 0.233095 0.972454 0.000004 -0.028496 0.000001 -0.000004 1.000000 0.000035 0.000000 0.000000 0.000000 1.000000
0.972317 -0.233666 -0.000002 24.429092 0.233666 0.972317 0.000004 -0.028492 0.000001 -0.000004 1.000000 0.000035 0.000000 0.000000 0.000000 1.000000
0.972298 -0.233745 -0.000002 24.429092 0.233745 0.972298 0.000004 -0.028491 0.000001 -0.000004 1.000000 0.000036 0.000000 0.000000 0.000000 1.000000
0.972386 -0.233380 -0.000002 24.429092 0.233380 0.972386 0.000004 -0.028494 0.000001 -0.000004 1.000000 0.000035 0.000000 0.000000 0.000000 1.000000
0.972568 -0.232619 -0.000002 24.429062 0.232619 0.972568 0.000004 -0.028500 0.000001 -0.000004 1.000000 0.000035 0.000000 0.000000 0.000000 1.000000
0.972833 -0.231509 -0.000002 24.429016 0.231509 0.972833 0.000004 -0.028508 0.000001 -0.000004 1.000000 0.000035 0.000000 0.000000 0.000000 1.000000
0.973168 -0.230097 -0.000002 24.429001 0.230097 0.973168 0.000004 -0.028517 0.000001 -0.000004 1.000000 0.000035 0.000000 0.000000 0.000000 1.000000
0.973560 -0.228430 -0.000002 24.428940 0.228430 0.973560 0.000004 -0.028528 0.000001 -0.000004 1.000000 0.000035 0.000000 0.000000 0.000000 1.000000
0.973998 -0.226557 -0.000002 24.428879 0.226557 0.973998 0.000004 -0.028541 0.000001 -0.000004 1.000000 0.000035 0.000000 0.000000 0.000000 1.000000
0.974469 -0.224523 -0.000002 24.428833 0.224523 0.974469 0.000004 -0.028555 0.000001 -0.000004 1.000000 0.000035 0.000000 0.000000 0.000000 1.000000
0.974961 -0.222378 -0.000002 24.428772 0.222378 0.974961 0.000004 -0.028569 0.000001 -0.000004 1.000000 0.000035 0.000000 0.000000 0.000000 1.000000
0.975462 -0.220168 -0.000002 24.428680 0.220167 0.975462 0.000004 -0.028584 0.000001 -0.000004 1.000000 0.000035 0.000000 0.000000 0.000000 1.000000
0.975962 -0.217940 -0.000002 24.428635 0.217940 0.975962 0.000004 -0.028599 0.000001 -0.000004 1.000000 0.000035 0.000000 0.000000 0.000000 1.000000
0.976450 -0.215743 -0.000002 24.428589 0.215743 0.976450 0.000004 -0.028613 0.000001 -0.000004 1.000000 0.000035 0.000000 0.000000 0.000000 1.000000
0.976916 -0.213625 -0.000002 24.428497 0.213625 0.976916 0.000004 -0.028627 0.000001 -0.000004 1.000000 0.000035 0.000000 0.000000 0.000000 1.000000
0.977349 -0.211634 -0.000002 24.428452 0.211634 0.977349 0.000004 -0.028639 0.000001 -0.000004 1.000000 0.000035 0.000000 0.000000 0.000000 1.000000
0.977741 -0.209817 -0.000002 24.428391 0.209817 0.977741 0.000004 -0.028651 0.000001 -0.000004 1.000000 0.000035 0.000000 0.000000 0.000000 1.000000
0.978082 -0.208222 -0.000002 24.428345 0.208222 0.978082 0.000004 -0.028661 0.000001 -0.000004 1.000000 0.000035 0.000000 0.000000 0.000000 1.000000
0.978363 -0.206898 -0.000002 24.428299 0.206898 0.978363 0.000004 -0.028669 0.000001 -0.000004 1.000000 0.000035 0.000000 0.000000 0.000000 1.000000
0.978575 -0.205893 -0.000002 24.428268 0.205893 0.978574 0.000004 -0.028675 0.000001 -0.000004 1.000000 0.000035 0.000000 0.000000 0.000000 1.000000
0.978709 -0.205255 -0.000002 24.428253 0.205255 0.978709 0.000004 -0.028679 0.000001 -0.000004 1.000000 0.000035 0.000000 0.000000 0.000000 1.000000
0.978755 -0.205031 -0.000002 24.428268 0.205031 0.978756 0.000004 -0.028681 0.000001 -0.000004 1.000000 0.000035 0.000000 0.000000 0.000000 1.000000</float_array>
          <technique_common>
            <accessor source="#Bip001FBXASC032Spine-Matrix-animation-output-transform-array" count="31" stride="16">
              <param type="float4x4"/>
            </accessor>
          </technique_common>
        </source>
        <source id="Bip001FBXASC032Spine-Interpolations">
          <Name_array id="Bip001FBXASC032Spine-Interpolations-array" count="31">
 LINEAR LINEAR LINEAR LINEAR LINEAR LINEAR LINEAR LINEAR LINEAR LINEAR LINEAR
LINEAR LINEAR LINEAR LINEAR LINEAR LINEAR LINEAR LINEAR LINEAR LINEAR LINEAR LINEAR
LINEAR LINEAR LINEAR LINEAR LINEAR LINEAR LINEAR LINEAR</Name_array>
          <technique_common>
            <accessor source="#Bip001FBXASC032Spine-Interpolations-array" count="31">
              <param type="name"/>
            </accessor>
          </technique_common>
        </source>
        <sampler id="Bip001FBXASC032Spine-Matrix-animation-transform">
          <input semantic="INPUT" source="#Bip001FBXASC032Spine-Matrix-animation-input"/>
          <input semantic="OUTPUT" source="#Bip001FBXASC032Spine-Matrix-animation-output-transform"/>
          <input semantic="INTERPOLATION" source="#Bip001FBXASC032Spine-Interpolations"/>
        </sampler>
        <channel source="#Bip001FBXASC032Spine-Matrix-animation-transform" target="Bip001FBXASC032Spine/matrix"/>
      </animation>
    </animation>
    <animation id="Bip001FBXASC032Spine1-anim" name="Bip001FBXASC032Spine1">
      <animation>
        <source id="Bip001FBXASC032Spine1-Matrix-animation-input">
          <float_array id="Bip001FBXASC032Spine1-Matrix-animation-input-array" count="31">

0.000000 0.033333 0.066667 0.100000 0.133333 0.166667 0.200000 0.233333 0.266667 0.300000 0.333333 0.366667 0.400000 0.433333 0.466667 0.500000
0.533333 0.566667 0.600000 0.633333 0.666667 0.700000 0.733333 0.766667 0.800000 0.833333 0.866667 0.900000 0.933333 0.966667 1.000000</float_array>
          <technique_common>
            <accessor source="#Bip001FBXASC032Spine1-Matrix-animation-input-array" count="31">
              <param name="TIME" type="float"/>
            </accessor>
          </technique_common>
        </source>
        <source id="Bip001FBXASC032Spine1-Matrix-animation-output-transform">
          <float_array id="Bip001FBXASC032Spine1-Matrix-animation-output-transform-array" count="496">

1.000000 -0.000000 -0.000000 36.810364 0.000000 1.000000 -0.000000 -0.029311 0.000000 0.000000 1.000000 -0.000000 0.000000 0.000000 0.000000 1.000000
0.986855 -0.161608 -0.000000 36.815079 0.161608 0.986855 -0.000000 -0.028923 0.000000 -0.000000 1.000000 0.000000 0.000000 0.000000 0.000000 1.000000
0.986027 -0.166584 -0.000000 36.815247 0.166584 0.986027 -0.000000 -0.028904 0.000000 -0.000000 1.000000 -0.000000 0.000000 0.000000 0.000000 1.000000
0.985296 -0.170858 -0.000000 36.815384 0.170858 0.985296 -0.000000 -0.028885 0.000000 -0.000000 1.000000 -0.000000 0.000000 0.000000 0.000000 1.000000
0.984662 -0.174470 -0.000000 36.815445 0.174470 0.984662 -0.000000 -0.028862 0.000000 -0.000000 1.000000 -0.000000 0.000000 0.000000 0.000000 1.000000
0.984128 -0.177459 -0.000000 36.815598 0.177459 0.984128 -0.000000 -0.028858 0.000000 -0.000000 1.000000 0.000000 0.000000 0.000000 0.000000 1.000000
0.983691 -0.179865 -0.000000 36.815628 0.179865 0.983691 -0.000000 -0.028828 0.000000 -0.000000 1.000000 0.000000 0.000000 0.000000 0.000000 1.000000
0.983349 -0.181725 -0.000001 36.815674 0.181725 0.983349 -0.000000 -0.028828 0.000001 -0.000000 1.000000 -0.000000 0.000000 0.000000 0.000000 1.000000
0.983098 -0.183079 -0.000000 36.815720 0.183079 0.983098 -0.000000 -0.028816 0.000000 -0.000000 1.000000 0.000000 0.000000 0.000000 0.000000 1.000000
0.982933 -0.183964 -0.000001 36.815689 0.183964 0.982933 -0.000000 -0.028809 0.000001 -0.000000 1.000000 -0.000001 0.000000 0.000000 0.000000 1.000000
0.982848 -0.184420 -0.000001 36.815765 0.184420 0.982848 -0.000000 -0.028816 0.000001 -0.000000 1.000000 -0.000000 0.000000 0.000000 0.000000 1.000000
0.982836 -0.184483 -0.000001 36.815781 0.184483 0.982836 -0.000000 -0.028812 0.000001 -0.000000 1.000000 0.000000 0.000000 0.000000 0.000000 1.000000
0.982890 -0.184192 -0.000001 36.815750 0.184192 0.982890 -0.000000 -0.028812 0.000001 -0.000000 1.000000 -0.000000 0.000000 0.000000 0.000000 1.000000
0.983004 -0.183585 -0.000000 36.815720 0.183585 0.983004 -0.000000 -0.028816 0.000000 -0.000000 1.000000 -0.000000 0.000000 0.000000 0.000000 1.000000
0.983169 -0.182699 -0.000001 36.815735 0.182699 0.983169 -0.000000 -0.028820 0.000001 -0.000000 1.000000 0.000000 0.000000 0.000000 0.000000 1.000000
0.983377 -0.181573 -0.000001 36.815704 0.181573 0.983377 -0.000000 -0.028835 0.000001 -0.000000 1.000000 -0.000000 0.000000 0.000000 0.000000 1.000000
0.983622 -0.180245 -0.000000 36.815643 0.180245 0.983622 -0.000000 -0.028828 0.000000 -0.000000 1.000000 0.000000 0.000000 0.000000 0.000000 1.000000
0.983894 -0.178751 -0.000000 36.815598 0.178751 0.983894 -0.000000 -0.028843 0.000000 -0.000000 1.000000 -0.000000 0.000000 0.000000 0.000000 1.000000
0.984188 -0.177130 -0.000000 36.815506 0.177130 0.984188 -0.000000 -0.028839 0.000000 -0.000000 1.000000 -0.000000 0.000000 0.000000 0.000000 1.000000
0.984494 -0.175420 -0.000000 36.815491 0.175420 0.984494 -0.000000 -0.028858 0.000000 -0.000000 1.000000 -0.000000 0.000000 0.000000 0.000000 1.000000
0.984806 -0.173659 -0.000000 36.815475 0.173659 0.984806 -0.000000 -0.028873 0.000000 -0.000000 1.000000 -0.000000 0.000000 0.000000 0.000000 1.000000
0.985117 -0.171885 -0.000000 36.815369 0.171885 0.985117 -0.000000 -0.028877 0.000000 -0.000000 1.000000 -0.000000 0.000000 0.000000 0.000000 1.000000
0.985421 -0.170135 -0.000000 36.815353 0.170135 0.985421 -0.000000 -0.028881 0.000000 -0.000000 1.000000 -0.000000 0.000000 0.000000 0.000000 1.000000
0.985710 -0.168449 -0.000000 36.815308 0.168449 0.985711 -0.000000 -0.028900 0.000000 -0.000000 1.000000 0.000000 0.000000 0.000000 0.000000 1.000000
0.985980 -0.166863 -0.000000 36.815247 0.166863 0.985980 -0.000000 -0.028904 0.000000 -0.000000 1.000000 -0.000000 0.000000 0.000000 0.000000 1.000000
0.986224 -0.165416 -0.000000 36.815216 0.165416 0.986224 -0.000000 -0.028912 0.000000 -0.000000 1.000000 -0.000000 0.000000 0.000000 0.000000 1.000000
0.986436 -0.164147 -0.000000 36.815170 0.164147 0.986436 -0.000000 -0.028912 0.000000 -0.000000 1.000000 0.000000 0.000000 0.000000 0.000000 1.000000
0.986611 -0.163094 -0.000000 36.815155 0.163094 0.986611 -0.000000 -0.028927 0.000000 -0.000000 1.000000 -0.000000 0.000000 0.000000 0.000000 1.000000
0.986742 -0.162294 -0.000000 36.815094 0.162294 0.986743 -0.000000 -0.028931 0.000000 -0.000000 1.000000 0.000000 0.000000 0.000000 0.000000 1.000000
0.986826 -0.161786 -0.000000 36.815140 0.161786 0.986826 -0.000000 -0.028938 0.000000 -0.000000 1.000000 0.000000 0.000000 0.000000 0.000000 1.000000
0.986855 -0.161608 -0.000000 36.815079 0.161608 0.986855 -0.000000 -0.028923 0.000000 -0.000000 1.000000 0.000000 0.000000 0.000000 0.000000 1.000000</float_array>
          <technique_common>
            <accessor source="#Bip001FBXASC032Spine1-Matrix-animation-output-transform-array" count="31" stride="16">
              <param type="float4x4"/>
            </accessor>
          </technique_common>
        </source>
        <source id="Bip001FBXASC032Spine1-Interpolations">
          <Name_array id="Bip001FBXASC032Spine1-Interpolations-array" count="31">
 LINEAR LINEAR LINEAR LINEAR LINEAR LINEAR LINEAR LINEAR LINEAR LINEAR LINEAR
LINEAR LINEAR LINEAR LINEAR LINEAR LINEAR LINEAR LINEAR LINEAR LINEAR LINEAR LINEAR
LINEAR LINEAR LINEAR LINEAR LINEAR LINEAR LINEAR LINEAR</Name_array>
          <technique_common>
            <accessor source="#Bip001FBXASC032Spine1-Interpolations-array" count="31">
              <param type="name"/>
            </accessor>
          </technique_common>
        </source>
        <sampler id="Bip001FBXASC032Spine1-Matrix-animation-transform">
          <input semantic="INPUT" source="#Bip001FBXASC032Spine1-Matrix-animation-input"/>
          <input semantic="OUTPUT" source="#Bip001FBXASC032Spine1-Matrix-animation-output-transform"/>
          <input semantic="INTERPOLATION" source="#Bip001FBXASC032Spine1-Interpolations"/>
        </sampler>
        <channel source="#Bip001FBXASC032Spine1-Matrix-animation-transform" target="Bip001FBXASC032Spine1/matrix"/>
      </animation>
    </animation>
    <animation id="Bip001FBXASC032Spine2-anim" name="Bip001FBXASC032Spine2">
      <animation>
        <source id="Bip001FBXASC032Spine2-Matrix-animation-input">
          <float_array id="Bip001FBXASC032Spine2-Matrix-animation-input-array" count="31">

0.000000 0.033333 0.066667 0.100000 0.133333 0.166667 0.200000 0.233333 0.266667 0.300000 0.333333 0.366667 0.400000 0.433333 0.466667 0.500000
0.533333 0.566667 0.600000 0.633333 0.666667 0.700000 0.733333 0.766667 0.800000 0.833333 0.866667 0.900000 0.933333 0.966667 1.000000</float_array>
          <technique_common>
            <accessor source="#Bip001FBXASC032Spine2-Matrix-animation-input-array" count="31">
              <param name="TIME" type="float"/>
            </accessor>
          </technique_common>
        </source>
        <source id="Bip001FBXASC032Spine2-Matrix-animation-output-transform">
          <float_array id="Bip001FBXASC032Spine2-Matrix-animation-output-transform-array" count="496">

1.000000 -0.000000 -0.000000 36.810364 0.000000 1.000000 -0.000000 -0.029311 0.000000 0.000000 1.000000 -0.000000 0.000000 0.000000 0.000000 1.000000
0.981658 -0.190653 -0.000001 36.815948 0.190653 0.981658 -0.000000 -0.028778 0.000001 -0.000000 1.000000 -0.000000 0.000000 0.000000 0.000000 1.000000
0.980504 -0.196501 -0.000001 36.816101 0.196501 0.980504 -0.000000 -0.028740 0.000001 -0.000000 1.000000 -0.000000 0.000000 0.000000 0.000000 1.000000
0.979484 -0.201524 -0.000001 36.816284 0.201524 0.979484 -0.000000 -0.028717 0.000001 -0.000000 1.000000 0.000000 0.000000 0.000000 0.000000 1.000000
0.978601 -0.205766 -0.000001 36.816345 0.205766 0.978601 -0.000000 -0.028687 0.000001 -0.000000 1.000000 0.000000 0.000000 0.000000 0.000000 1.000000
0.977856 -0.209277 -0.000001 36.816467 0.209277 0.977857 -0.000000 -0.028656 0.000001 -0.000000 1.000000 -0.000000 0.000000 0.000000 0.000000 1.000000
0.977248 -0.212101 -0.000001 36.816589 0.212101 0.977248 -0.000000 -0.028664 0.000001 -0.000000 1.000000 -0.000001 0.000000 0.000000 0.000000 1.000000
0.976771 -0.214285 -0.000001 36.816650 0.214285 0.976771 -0.000000 -0.028641 0.000001 -0.000000 1.000000 -0.000000 0.000000 0.000000 0.000000 1.000000
0.976421 -0.215874 -0.000001 36.816696 0.215874 0.976421 -0.000000 -0.028618 0.000001 -0.000000 1.000000 0.000000 0.000000 0.000000 0.000000 1.000000
0.976191 -0.216914 -0.000001 36.816757 0.216914 0.976191 -0.000000 -0.028625 0.000001 -0.000000 1.000000 0.000001 0.000000 0.000000 0.000000 1.000000
0.976072 -0.217448 -0.000001 36.816742 0.217448 0.976072 -0.000000 -0.028618 0.000001 -0.000000 1.000000 -0.000000 0.000000 0.000000 0.000000 1.000000
0.976055 -0.217522 -0.000001 36.816742 0.217522 0.976055 -0.000000 -0.028610 0.000001 -0.000000 1.000000 0.000000 0.000000 0.000000 0.000000 1.000000
0.976132 -0.217181 -0.000001 36.816711 0.217181 0.976132 -0.000000 -0.028610 0.000001 -0.000000 1.000000 -0.000000 0.000000 0.000000 0.000000 1.000000
0.976290 -0.216468 -0.000001 36.816650 0.216468 0.976290 -0.000000 -0.028610 0.000001 -0.000000 1.000000 -0.000000 0.000000 0.000000 0.000000 1.000000
0.976520 -0.215429 -0.000001 36.816681 0.215429 0.976520 -0.000000 -0.028610 0.000001 -0.000000 1.000000 0.000000 0.000000 0.000000 0.000000 1.000000
0.976810 -0.214107 -0.000001 36.816605 0.214107 0.976810 -0.000000 -0.028625 0.000001 -0.000000 1.000000 0.000000 0.000000 0.000000 0.000000 1.000000
0.977151 -0.212547 -0.000001 36.816574 0.212547 0.977151 -0.000000 -0.028641 0.000001 -0.000000 1.000000 -0.000000 0.000000 0.000000 0.000000 1.000000
0.977531 -0.210793 -0.000001 36.816544 0.210793 0.977531 -0.000000 -0.028656 0.000001 -0.000000 1.000000 -0.000001 0.000000 0.000000 0.000000 1.000000
0.977939 -0.208890 -0.000001 36.816498 0.208890 0.977939 -0.000000 -0.028679 0.000001 -0.000000 1.000000 -0.000000 0.000000 0.000000 0.000000 1.000000
0.978366 -0.206882 -0.000001 36.816391 0.206882 0.978366 -0.000000 -0.028671 0.000001 -0.000000 1.000000 -0.000000 0.000000 0.000000 0.000000 1.000000
0.978801 -0.204814 -0.000001 36.816345 0.204814 0.978801 -0.000000 -0.028694 0.000001 -0.000000 1.000000 -0.000001 0.000000 0.000000 0.000000 1.000000
0.979235 -0.202730 -0.000001 36.816315 0.202730 0.979235 -0.000000 -0.028709 0.000001 -0.000000 1.000000 0.000000 0.000000 0.000000 0.000000 1.000000
0.979658 -0.200674 -0.000001 36.816254 0.200674 0.979658 -0.000000 -0.028717 0.000001 -0.000000 1.000000 -0.000000 0.000000 0.000000 0.000000 1.000000
0.980062 -0.198693 -0.000001 36.816193 0.198693 0.980062 -0.000000 -0.028732 0.000001 -0.000000 1.000000 -0.000001 0.000000 0.000000 0.000000 1.000000
